40 40 2
6 26 21 20 28 4 5 16 7 11 27 21 26 5 12 22 14 21 16 6 8 20 27 18 26 26 25 13 14 1 25 23 11 9 26 26 4 28 23 23
7 9 4 5 11 21 9 10 7 28 13 23 9 28 2 14 8 13 19 30 16 9 16 14 21 5 17 24 6 6 26 15 12 12 10 2 22 6 22 1
24 20 10 12 22 30 24 21 26 8 4 6 7 16 12 27 23 17 6 15 22 22 5 17 24 30 10 24 4 20 5 2 7 18 29 19 19 11 28 12
18 29 14 3 9 27 27 13 19 4 30 14 20 9 10 19 27 16 3 10 15 30 25 2 26 4 28 4 3 1 2 17 22 21 10 11 18 13 23 20
28 4 30 5 11 20 15 15 21 6 15 5 8 11 28 1 12 12 29 1 30 4 12 5 4 3 30 1 21 9 11 3 10 30 10 21 13 5 23 13
20 27 9 21 27 25 11 30 29 18 18 3 18 29 12 18 19 6 19 12 24 5 8 3 3 1 29 13 15 25 25 7 9 14 20 3 27 7 8 23
20 12 2 16 19 1 16 24 9 8 10 7 4 19 7 12 27 2 21 1 11 21 2 18 10 25 1 24 30 26 15 6 13 20 24 1 27 14 11 10
12 29 20 7 27 7 23 2 12 28 11 1 14 3 20 3 25 16 10 11 11 8 6 28 6 11 6 13 13 5 16 27 12 3 22 27 24 17 6 7
19 27 26 25 3 25 16 9 6 24 15 14 18 14 10 26 28 13 4 20 7 23 11 26 24 17 9 21 4 16 7 9 13 22 5 22 23 3 30 20
15 25 20 26 14 15 1 25 15 24 10 17 22 21 20 28 22 3 8 3 20 20 12 21 21 3 28 4 9 17 18 26 9 6 20 30 21 6 1 10
24 3 26 17 30 18 13 19 7 11 10 30 19 24 11 25 21 8 15 12 23 20 30 15 8 14 17 22 12 30 19 29 13 11 2 11 13 7 11 28
5 3 15 21 18 26 2 17 15 16 9 15 30 17 30 18 21 26 23 10 15 20 24 16 27 5 3 26 14 13 30 25 5 4 5 21 15 14 30 3
11 5 14 1 5 22 4 11 19 22 10 27 10 14 19 14 8 13 8 16 15 28 17 14 13 18 23 22 13 7 6 25 7 15 9 11 22 13 30 28
8 29 20 14 7 22 7 18 6 18 29 8 12 18 4 14 7 1 4 5 21 30 6 21 10 22 11 4 11 1 3 23 29 21 2 3 13 28 14 6
23 23 21 10 12 28 2 9 12 1 28 7 9 27 17 24 17 7 24 9 6 9 30 22 17 15 3 10 4 20 5 3 18 9 2 2 14 1 28 24
13 20 24 28 3 6 27 30 26 10 3 13 26 29 29 25 14 8 6 30 11 12 1 15 29 27 23 5 30 11 30 24 25 16 25 5 17 14 6 25
13 18 18 17 4 30 20 10 6 27 22 22 10 20 14 14 30 7 5 26 18 10 23 4 22 2 21 28 19 25 8 21 5 21 18 7 4 16 30 8
8 29 3 6 28 1 27 8 19 1 26 22 11 3 15 30 22 2 8 17 17 17 12 10 8 20 17 24 19 5 16 20 22 10 7 30 8 12 28 18
12 30 4 29 29 30 26 8 11 7 13 10 22 13 7 4 27 25 10 29 4 27 15 15 2 28 25 20 13 18 29 28 26 3 21 20 30 29 28 18
9 30 25 16 17 4 29 24 9 27 12 9 14 11 7 29 20 11 15 26 14 4 21 25 11 24 29 3 30 26 28 10 12 2 17 4 24 26 29 9
27 14 19 5 24 5 6 21 28 7 28 21 10 21 3 10 3 15 17 21 13 26 13 12 30 20 30 21 10 28 8 15 11 30 7 6 25 17 3 12
16 5 13 11 5 26 21 10 14 15 24 4 24 16 29 25 10 17 6 7 26 17 28 3 5 2 11 5 26 20 15 24 25 19 8 23 11 7 19 29
18 3 9 2 10 19 12 24 9 3 30 23 8 21 19 23 22 18 16 29 10 8 22 4 7 5 13 12 24 20 19 4 14 17 12 9 8 1 15 5
20 12 3 25 12 22 22 16 27 8 23 7 15 13 24 5 21 2 18 12 15 29 26 4 10 7 1 1 4 12 24 17 13 21 1 23 23 15 15 7
4 17 18 26 4 5 13 23 5 10 23 29 14 23 17 28 11 2 8 26 30 9 21 23 17 5 11 5 18 25 27 6 26 11 1 20 13 14 6 5
20 14 18 7 28 23 24 4 3 6 7 12 14 26 24 2 7 11 17 7 20 30 22 4 1 26 29 9 10 8 12 11 7 21 1 9 10 6 5 1
29 14 3 30 6 5 26 6 24 26 18 24 18 29 4 2 18 11 13 14 4 12 21 9 24 23 7 4 23 29 29 22 5 27 10 30 12 21 1 30
5 2 6 6 30 8 26 27 5 10 16 19 11 5 29 5 23 8 19 5 11 21 3 4 22 2 19 30 26 20 22 16 23 1 1 8 29 8 20 6
25 27 2 16 9 30 22 28 13 15 30 9 8 1 12 7 4 15 30 23 8 7 20 13 8 11 30 9 5 23 22 11 20 21 6 28 3 16 8 30
30 15 10 20 5 14 30 16 3 6 23 19 13 26 23 6 17 21 20 29 1 5 17 2 24 20 16 25 5 2 8 28 9 14 16 30 4 3 26 12
20 1 4 25 2 16 10 18 22 18 18 19 14 19 12 23 3 18 3 3 29 3 7 19 28 15 27 30 12 18 23 5 9 13 9 6 22 29 25 19
12 22 11 11 14 14 14 2 20 15 10 19 4 28 10 20 12 14 5 10 26 30 12 20 29 23 22 16 11 14 2 14 16 7 3 19 8 16 2 15
12 23 6 28 27 21 8 30 3 16 1 20 13 26 13 21 7 1 23 22 15 25 13 14 24 24 4 16 17 29 4 27 17 25 29 25 14 17 8 9
17 17 19 20 15 6 25 5 29 2 3 17 25 19 17 26 17 12 11 16 22 29 11 5 17 12 3 6 25 29 12 29 17 4 16 8 13 18 29 19
27 13 17 4 15 21 22 3 15 19 12 19 19 27 1 16 29 16 14 2 19 18 24 13 9 3 7 29 16 10 29 5 8 17 26 8 16 22 30 28
29 23 23 30 12 15 10 20 26 24 10 17 17 28 28 12 5 28 5 2 4 1 26 17 28 4 6 15 11 4 10 24 19 2 19 11 15 7 9 22
8 1 20 10 19 14 16 18 23 16 26 3 16 4 4 10 21 14 17 2 4 15 2 8 6 13 4 6 20 16 11 30 21 15 2 2 5 1 22 19
1 9 6 30 15 20 1 20 1 22 1 13 27 13 12 4 13 11 27 14 2 4 25 10 4 20 26 27 20 29 9 23 12 6 25 18 15 11 17 22
6 14 7 16 5 29 11 3 25 17 5 30 30 27 11 27 24 22 16 13 11 16 19 20 15 11 21 19 9 9 9 12 20 23 15 13 29 30 8 23
22 26 12 6 8 17 29 29 30 11 26 9 8 12 19 16 20 9 16 3 9 29 8 21 18 1 25 1 22 15 1 26 2 23 15 12 8 11 28 10
28 20 8 19 11 7 24 8 24 5 1 14 29 3 13 6 9 11 8 28 25 21 17 13 27 18 26 2 26 26 24 7 18 13 20 8 6 8 23 27
22 17 16 15 24 19 6 30 11 5 5 12 29 19 24 5 17 9 8 12 19 8 9 4 11 8 24 28 29 1 10 19 7 10 18 10 1 20 5 17
28 28 17 8 12 6 23 11 27 17 11 26 15 11 9 10 7 21 8 26 18 10 6 27 3 8 17 14 6 13 9 24 30 2 3 27 23 25 2 9
27 9 8 30 21 21 18 21 3 19 21 24 28 17 8 5 2 16 10 19 20 18 6 29 26 20 11 23 26 20 22 12 25 6 7 2 5 11 14 7
13 19 4 23 1 18 20 1 6 26 19 7 28 11 25 29 5 25 20 27 25 12 6 4 18 4 18 26 24 13 1 9 24 11 27 17 20 12 14 22
3 29 5 6 18 11 5 5 17 4 11 7 27 28 7 25 9 19 23 16 8 24 21 28 29 22 17 24 21 2 4 19 20 3 3 26 20 25 8 8
24 5 10 6 28 19 18 7 2 12 23 27 1 23 23 19 26 19 6 12 30 4 27 14 11 17 15 28 8 14 6 28 12 13 14 17 25 4 24 17
23 16 2 27 12 25 1 26 5 27 27 11 1 13 28 2 22 9 1 22 13 24 19 20 12 22 18 10 4 17 7 17 15 15 15 24 22 1 19 2
18 25 28 16 1 18 17 14 3 16 5 16 22 24 4 18 4 22 29 9 27 12 13 11 11 14 29 12 24 1 8 2 20 19 21 1 23 17 11 30
30 21 7 28 17 15 3 7 2 20 20 3 28 13 8 26 13 5 7 3 1 24 19 22 10 14 23 7 17 18 17 15 12 27 28 1 24 25 1 7
17 30 16 22 20 4 25 9 23 4 18 22 11 7 4 14 22 10 25 9 20 15 18 14 21 3 7 23 29 18 22 14 24 9 26 7 10 10 21 6
29 11 4 24 20 14 4 25 7 14 11 27 26 4 2 21 30 14 6 15 8 30 11 8 7 5 12 20 8 7 26 2 30 21 1 21 7 8 21 19
8 22 18 6 21 18 13 8 2 1 17 24 29 14 11 28 13 3 19 27 4 6 28 7 20 18 21 11 3 29 10 8 22 10 10 4 29 19 27 12
9 29 21 2 7 6 30 29 4 3 3 28 20 26 2 22 6 12 14 16 4 19 20 27 25 9 4 16 19 30 2 9 29 20 7 11 21 22 23 1
14 1 20 18 26 18 17 29 21 17 13 17 28 4 21 21 18 16 9 10 8 4 26 16 20 18 3 14 27 18 2 4 17 30 19 26 1 19 26 3
30 29 22 3 12 16 15 14 17 29 4 29 19 19 5 16 9 19 27 5 15 11 22 14 8 29 5 13 16 10 25 18 24 2 18 2 5 14 24 10
26 20 30 10 29 2 21 19 14 12 16 12 14 9 18 3 16 15 3 11 22 1 28 12 29 30 30 6 10 25 9 3 29 5 18 8 25 4 30 4
21 28 21 28 30 22 6 9 7 3 13 21 21 8 3 23 18 29 23 10 14 22 18 30 29 3 4 5 24 29 13 2 8 15 9 22 9 7 16 8
22 16 19 24 4 29 22 15 6 10 17 16 22 4 25 6 14 18 23 10 25 5 3 24 13 27 27 11 8 9 16 14 25 5 27 24 14 9 18 24
1 14 29 20 11 11 21 4 2 17 17 4 13 3 1 28 15 12 4 11 25 27 24 7 12 26 2 2 1 30 16 10 7 30 3 15 12 6 17 21
2 21 14 1 22 26 15 28 4 1 10 5 13 6 23 25 25 10 18 18 15 30 22 23 29 18 23 11 17 7 3 8 24 4 17 19 23 7 17 9
22 29 12 30 4 30 15 14 5 24 16 25 16 30 30 11 8 17 1 15 28 9 26 19 23 10 9 26 30 7 19 10 17 7 21 24 30 26 29 6
24 23 15 13 6 24 6 18 19 28 15 13 24 7 10 12 27 22 30 7 19 17 22 28 27 15 7 22 29 11 11 24 20 4 11 24 17 8 1 14
22 2 23 29 17 19 25 20 13 17 18 19 3 4 30 29 17 9 12 10 14 8 30 9 8 6 17 5 13 19 7 13 6 29 30 12 30 14 10 19
24 22 20 15 27 21 8 27 28 12 28 15 28 26 2 26 11 5 1 25 3 25 24 11 14 4 30 5 9 6 11 11 11 15 1 20 26 4 3 14
15 11 20 15 6 15 6 14 16 21 6 21 6 20 29 4 15 22 25 13 24 11 3 11 10 14 26 24 1 4 13 19 29 21 20 11 27 2 10 25
30 4 22 11 21 1 9 30 27 16 4 8 26 16 29 9 17 21 17 29 16 30 11 5 16 27 18 12 9 7 25 14 26 12 4 22 17 30 16 14
21 17 13 15 10 29 1 2 29 13 30 28 11 29 3 24 2 24 29 25 12 19 29 16 18 25 20 23 4 8 11 16 27 19 22 19 22 8 13 21
9 15 11 13 11 13 6 26 29 18 6 1 24 10 1 28 11 23 9 30 7 5 25 18 12 14 6 11 1 1 12 6 20 11 25 1 26 27 27 22
6 9 1 16 16 16 9 25 6 3 7 5 21 28 28 7 18 1 17 14 4 3 20 10 20 18 14 11 9 9 13 4 26 10 27 12 13 14 26 23
28 16 8 27 21 22 23 7 17 12 24 17 15 17 7 19 4 3 20 20 13 17 24 1 18 3 13 3 22 27 2 9 19 5 12 3 4 22 7 4
18 20 8 24 20 21 20 30 8 17 11 23 9 13 11 3 13 25 1 10 22 27 21 29 25 4 6 1 11 21 5 9 8 27 29 14 19 8 10 11
1 16 26 15 27 22 4 22 13 6 23 23 13 4 3 8 27 4 28 23 2 11 1 25 14 9 1 4 7 20 5 18 2 2 23 29 28 2 15 7
7 29 18 4 3 2 4 6 4 7 13 12 9 9 17 8 28 30 23 18 25 2 19 23 17 2 8 12 6 7 5 21 24 21 4 7 8 20 11 8
12 2 26 4 22 12 26 20 13 27 4 17 10 17 23 1 12 9 15 4 8 21 29 15 10 17 10 7 27 3 27 25 17 9 26 13 23 8 22 27
16 20 15 17 22 20 1 8 1 16 14 2 30 18 8 27 16 29 24 11 21 8 9 26 16 19 7 4 30 22 19 11 13 16 12 6 28 5 21 8
28 5 21 5 12 5 27 8 27 25 15 15 30 21 7 11 16 11 27 27 15 6 15 25 30 13 3 25 6 30 9 25 18 19 10 4 26 25 27 11
8 13 7 25 26 23 5 2 2 21 18 30 27 7 10 29 14 26 16 3 21 1 3 18 21 20 7 6 4 29 1 14 22 30 25 9 21 2 11 4
20 1 13 6 7 2 15 30 19 25 10 24 5 18 4 2 9 13 7 16 20 9 15 18 17 17 17 14 5 29 7 6 6 11 8 11 10 20 27 19
28 14 24 30 25 28 24 1 24 1 27 3 29 17 15 23 24 16 16 19 15 2 21 9 29 16 24 21 4 26 28 4 11 12 6 24 12 16 3 16